0.005314851235
0.002831912486
0.001994388866
0.004716403057
0.01740856937
0.003792872812
0.002126770676
0.006498284426
0.003573553027
0.004617655911
0.007712107453
0.005325875287
0.02199396715
0.006089051736
0.00704135348
0.002407276644
-0.0003698335173
0.003234750346
0.005635235918
0.00136624897
0.005089836715
0.007908915752
0.005477135298
0.002426384815
0.01392306763
0.005030213085
0.004414922158
0.001324463742
0.002848743012
0.005673580697
0.002797759335
0.004035144531
0.004008798377
0.008180098109
0.003491057376
0.003471356232
0.005092592997
0.004147403114
0.002770473283
0.007971188312
0.006766818352
0.004161051153
0.003500468402
0.005195786069
0.006170461489
0.004670905991
0.006420126877
0.002614072277
0.003468962503
0.007414845771
0.001575519222
0.002452632582
0.004173333277
0.005179672671
-0.001829489921
-0.0002535107359
0.006853008264
0.006951417145
0.004285783888
0.003069953042
0.005100994935
0.005094410212
0.003255883146
0.005418170008
0.002438705236
0.002784276025
0.004410181025
0.004642878002
0.001453360905
0.00685395157
0.005189252768
0.006566438715
0.005975392281
-0.00634896615
0.00137889401
-0.0001829945707
0.00459104239
0.003695612353
0.008124787127
